10
-----------------------
2
[[-0.0055313  -0.02465083  0.06003509]]
[-0.0047528  0.         0.0011423]
2
[[ 0.00633252 -0.01323498  0.02297346]
 [-0.03944233 -0.04549282 -0.01995825]
 [-0.00190596  0.05168796 -0.00972934]]
[ 0.          0.00072209 -0.00449803]
2
[[ 0.00633252]
 [-0.05316457]
 [ 0.02405795]]
[0.00393411]
-----------------------
0.0030677078757435083
0.001417962834239006
-0.0002317819744348526
-0.0018815272487699986
-0.0035312725231051445
-0.005181016866117716
-0.006830762606114149
-0.008480507880449295
-0.010130252689123154
-0.011779997497797012
-0.01342974416911602
-0.015079488977789879
-0.016729233786463737
-0.018378978595137596
-0.020028723403811455
-0.021678468212485313
-0.02332821674644947
-0.02497796155512333
-----------------------


50
-----------------------
2
[[-0.00762931 -0.02465083  0.16443732]]
[-0.00878748  0.         -0.07433464]
2
[[ 0.00633252 -0.01084781  0.02119953]
 [-0.03944233 -0.04549282 -0.01995825]
 [-0.00190596  0.1549523  -0.01110749]]
[ 0.         -0.06431025 -0.00919297]
2
[[ 0.00633252]
 [-0.1573364 ]
 [ 0.02245383]]
[0.06394524]
-----------------------
0.05583122372627258
0.015742000192403793
-0.024347223341464996
-0.06443644315004349
-0.10452567785978317
-0.14461487531661987
-0.18470409512519836
-0.22479331493377686
-0.26488253474235535
-0.3049717843532562
-0.3450610041618347
-0.3851502239704132
-0.4252394437789917
-0.4653286933898926
-0.5054178833961487
-0.5455071330070496
-0.5855963230133057
-0.6256855726242065
-----------------------

	
100
-----------------------
2
[[-0.00562698 -0.02465083  0.17429964]]
[-0.00458687  0.         -0.22959697]
2
[[ 0.00633252 -0.01224669  0.02300147]
 [-0.03944233 -0.04549282 -0.01995825]
 [-0.00190596  0.16703773 -0.00919479]]
[ 0.         -0.20105419 -0.00421715]
2
[[ 0.00633252]
 [-0.18146133]
 [ 0.02330539]]
[0.17173329]
-----------------------
0.1717332899570465
0.13592848181724548
0.0830967128276825
0.030264943838119507
-0.02256682515144348
-0.07539859414100647
-0.12823033332824707
-0.18106213212013245
-0.23389390110969543
-0.2867256999015808
-0.3395574390888214
-0.3923892080783844
-0.4452209770679474
-0.4980527460575104
-0.5508846044540405
-0.6037163734436035
-0.656548023223877
-0.7093799114227295
-----------------------


500
-----------------------
2
[[-0.00659426 -0.02465083  0.17301834]]
[-0.00559292  0.         -0.89160866]
2
[[ 0.00633252 -0.01181675  0.02163118]
 [-0.03944233 -0.04549282 -0.01995825]
 [-0.00190596  0.20345446 -0.01044409]]
[ 0.         -0.81386393 -0.00504768]
2
[[ 0.00633252]
 [-0.37091997]
 [ 0.02230906]]
[0.801163]
-----------------------
0.8011630177497864
0.8011630177497864
0.8011630177497864
0.7133359909057617
0.582767128944397
0.45219823718070984
0.3216293752193451
0.19106048345565796
0.060491740703582764
-0.07007724046707153
-0.20064586400985718
-0.3312147259712219
-0.46178358793258667
-0.5923524498939514
-0.7229214310646057
-0.8534902930259705
-0.9840591549873352
-1.1146280765533447
-----------------------


1000
-----------------------
2
[[-0.00789051 -0.02465083  0.17834659]]
[-0.00869758  0.         -0.84355575]
2
[[ 0.00633252 -0.01131547  0.02144939]
 [-0.03944233 -0.04549282 -0.01995825]
 [-0.00190596  0.20884383 -0.01093383]]
[ 0.         -0.770712   -0.00720589]
2
[[ 0.00633252]
 [-0.3725968 ]
 [ 0.02270415]]
[0.9353317]
-----------------------
0.9353317022323608
0.9353317022323608
0.9353317022323608
0.8024089336395264
0.6636292934417725
0.5248497724533081
0.3860701322555542
0.24729055166244507
0.10851103067398071
-0.03026866912841797
-0.16904830932617188
-0.30782783031463623
-0.4466073513031006
-0.5853869915008545
-0.7241666316986084
-0.8629461526870728
-1.001725673675537
-1.1405054330825806
-----------------------




